0,327
250,17
250,16
250,15
250,14
250,13
250,12
250,11
250,10
250,9
0,434
0,426
0,423
0,421
250,8
0,415
250,7
250,6
0,413
2,5
252,7
252,6
252,5
252,4
252,3
252,2
252,1
252,0
251,5
251,4
251,3
251,2
251,1
251,0
250,5
250,4
250,3
250,2
250,1
250,0
249,4
249,3
249,2
249,1
249,0
248,8
248,7
248,6
248,5
248,4
248,3
248,2
248,1
248,0
247,5
247,4
247,3
247,2
247,1
247,0
246,4
246,3
246,2
246,1
246,0
245,5
245,4
245,3
245,2
245,1
245,0
0,409
0,403
244,5
244,4
244,3
244,2
244,1
244,0
243,5
243,4
243,3
243,2
243,1
243,0
242,5
242,4
242,3
242,2
0,402
242,1
242,0
241,6
241,5
241,4
241,3
241,2
241,1
241,0
0,396
0,395
0,391
0,510
0,505
0,504
0,502
0,497
0,496
0,495
0,492
0,486
0,483
0,481
0,475
0,472
0,468
48,73
48,71
48,70
48,68
48,67
48,65
48,35
48,34
48,32
48,31
48,29
48,28
48,26
48,24
48,23
48,21
48,20
48,18
48,16
48,15
48,13
48,1
48,0
47,0
46,0
45,0
22,34
22,32
22,30
22,28
22,27
22,26
22,25
22,24
22,23
22,22
22,21
22,20
22,18
22,16
22,15
22,13
22,12
22,9
22,8
22,7
22,6
22,5
22,4
22,3
22,2
22,1
22,0
21,5
21,4
21,3
21,1
21,0
3,0
2,21
2,20
2,19
2,17
2,16
2,15
2,13
2,12
2,10
2,9
2,8
2,14
2,6
2,4
2,3
2,1
2,0
1,1
1,3
0,507
0,494
1,0
0,493
4,1
0,491
4,3
0,488
0,485
4,0
0,484
0,482
0,480
0,477
0,474
0,469
0,467
0,465
0,446
0,444
0,437
0,432
0,412
0,386
0,382
0,381
0,322
0,319
0,314
0,243
239,1
49,161
49,30
239,28
49,1
239,3
49,111
0,445
239,0
49,4
49,3
0,430
49,0
0,9
0,310
0,305
0,509
0,308
0,304
0,303
0,302
0,307
0,12
0,394
0,10
0,8
0,0
0,490
0,300
0,299
0,298
0,424
0,297
0,296
0,295
0,313
0,294
0,312
0,293
0,311
0,292
0,321
0,291
0,353
0,290
0,333
0,289
0,323
0,288
0,389
0,287
0,366
0,286
0,334
0,285
0,284
0,346
0,283
0,463
0,282
0,462
0,281
0,499
0,280
0,279
48,76
48,78
48,82
48,86
48,90
48,94
48,98
48,103
48,106
48,111
48,113
48,119
48,124
48,125
48,132
48,133
48,138
48,141
48,146
48,151
48,154
48,159
48,162
48,166
48,171
48,173
48,179
48,181
48,186
48,189
48,193
48,198
48,201
48,206
48,209
48,214
48,219
48,222
48,227
48,228
48,235
48,236
48,241
48,246
48,249
48,254
48,257
48,262
48,266
48,270
48,274
48,276
48,282
48,287
48,289
48,295
48,296
48,301
48,304
48,309
48,314
48,317
48,322
48,325
48,330
48,335
48,338
48,342
48,344
48,349
48,352
48,357
48,361
48,365
48,369
48,373
48,377
48,382
48,385
48,390
48,392
48,398
48,400
48,404
48,409
48,412
48,417
48,420
48,425
48,430
48,433
48,438
48,441
48,445
48,450
48,452
48,458
48,460
48,464
48,468
48,472
48,477
48,480
48,485
48,488
48,493
48,498
48,501
48,506
48,507
48,512
48,515
48,520
48,525
48,528
48,533
48,536
48,541
48,545
48,549
48,553
48,555
48,561
48,563
48,568
48,574
48,575
48,580
48,583
48,588
48,593
48,596
48,601
48,604
48,609
48,610
48,615
48,621
48,623
48,628
48,631
48,636
48,640
48,644
48,648
48,652
48,656
48,661
48,664
48,669
48,671
48,677
48,678
48,683
48,688
48,691
48,696
48,699
48,704
48,709
48,712
48,717
48,718
48,724
48,726
48,731
48,737
48,739
48,743
48,747
48,751
48,756
48,759
48,764
48,767
48,772
48,774
48,780
48,785
48,786
48,791
48,794
48,799
48,804
48,807
48,812
48,815
48,820
48,824
48,827
48,832
48,834
48,840
48,842
48,847
48,851
48,854
48,859
48,862
48,867
48,872
48,875
48,880
48,883
48,888
48,889
48,894
48,900
48,902
48,907
48,910
48,915
48,919
48,923
48,927
48,931
48,935
48,937
48,943
48,948
48,950
48,954
48,957
48,962
48,967
48,970
48,975
48,978
48,983
48,984
48,991
48,996
48,997
48,1003
48,1005
48,1010
48,1016
48,1018
48,1022
48,1026
48,1030
48,1035
48,1038
48,1043
48,1046
48,1051
48,1053
48,1057
48,1064
48,1065
48,1070
48,1073
48,1078
48,1083
48,1086
48,1091
48,1094
48,1099
48,1100
48,1106
48,1111
48,1113
48,1119
48,1121
48,1125
48,1130
48,1133
48,1138
48,1141
48,1146
48,1149
48,1154
48,1159
48,1160
48,1167
48,1168
48,1173
48,1179
48,1181
48,1186
48,1189
48,1194
48,1198
48,1202
48,1206
48,1210
48,1214
48,1216
48,1221
48,1227
48,1229
48,1233
48,1236
48,1241
48,1246
48,1249
48,1254
48,1257
48,1262
48,1263
48,1270
48,1275
48,1276
48,1282
48,1284
48,1289
48,1294
48,1297
48,1301
48,1305
48,1309
48,1313
48,1317
48,1322
48,1324
48,1330
48,1332
48,1336
48,1343
48,1344
48,1349
48,1352
48,1357
48,1362
48,1365
48,1370
48,1373
48,1378
48,1379
48,1385
48,1390
48,1392
48,1397
48,1400
48,1404
48,1409
48,1412
48,1417
48,1420
48,1425
48,1427
48,1433
48,1438
48,1439
48,1446
48,1447
48,1452
48,1457
48,1460
48,1465
48,1468
48,1473
48,1476
48,1481
48,1485
48,1488
48,1493
48,1495
48,1500
48,1506
48,1508
48,1512
48,1515
48,1520
48,1523
48,1528
48,1533
48,1536
48,1541
48,1542
48,1549
48,1553
48,1555
48,1560
48,1563
48,1568
48,1573
48,1576
48,1580
48,1584
48,1588
48,1592
48,1596
48,1601
48,1603
48,1609
48,1611
48,1615
48,1622
48,1623
48,1628
48,1631
48,1636
48,1639
48,1644
48,1649
48,1652
48,1657
48,1658
48,1663
48,1669
48,1671
48,1676
48,1679
48,1683
48,1687
48,1691
48,1696
48,1699
48,1704
48,1706
48,1710
48,1714
48,1715
48,1718
48,1720
48,1723
48,1726
48,1728
48,1731
48,1733
48,1736
48,1737
48,1741
48,1744
48,1745
48,1748
48,1750
48,1753
48,1756
48,1758
48,1761
48,1763
48,1766
48,1767
48,1771
48,1774
48,1775
48,1779
48,1780
48,1783
48,1787
48,1788
48,1791
48,1793
48,1796
48,1798
48,1801
48,1804
48,1806
48,1809
48,1810
48,1813
48,1817
48,1818
48,1821
48,1823
48,1826
48,1828
48,1831
48,1834
48,1836
48,1839
48,1840
48,1844
48,1847
48,1848
48,1851
48,1853
48,1856
48,1859
48,1861
48,1864
48,1866
48,1869
48,1871
48,1874
48,1877
48,1878
48,1882
48,1883
48,1886
48,1890
48,1891
48,1894
48,1896
48,1899
48,1901
48,1904
48,1907
48,1909
48,1912
48,1913
48,1916
48,1920
48,1921
48,1924
48,1926
48,1929
48,1931
48,1934
48,1937
48,1939
48,1942
48,1943
48,1947
48,1950
48,1951
48,1955
48,1956
48,1959
48,1962
48,1964
48,1967
48,1969
48,1972
48,1974
48,1977
48,1980
48,1981
48,1985
48,1986
48,1989
48,1993
48,1994
48,1997
48,1999
48,2002
48,2004
48,2007
48,2010
48,2012
48,2015
48,2016
48,2020
48,2023
48,2024
48,2027
48,2029
48,2032
48,2034
48,2037
48,2040
48,2042
48,2045
48,2046
48,2050
48,2053
48,2054
48,2058
48,2059
48,2062
48,2064
48,2067
48,2070
48,2072
48,2075
48,2077
48,2080
48,2083
48,2085
48,2088
48,2089
48,2092
48,2096
48,2097
48,2100
48,2102
48,2105
48,2107
48,2110
48,2113
48,2115
48,2118
48,2119
48,2123
48,2126
48,2127
48,2130
48,2132
48,2135
48,2137
48,2140
48,2143
48,2145
48,2148
48,2149
48,2153
48,2156
48,2157
48,2161
48,2162
48,2165
48,2167
48,2170
48,2173
48,2175
48,2178
48,2180
48,2183
48,2186
48,2188
48,2191
48,2192
48,2195
48,2199
48,2200
48,2203
48,2205
48,2208
48,2210
48,2213
48,2216
48,2218
48,2221
48,2222
48,2226
48,2229
48,2230
48,2234
48,2235
48,2238
48,2240
48,2243
48,2246
48,2248
48,2251
48,2253
48,2256
48,2259
48,2260
48,2264
48,2265
48,2268
48,2270
48,2273
48,2276
48,2278
48,2281
48,2283
48,2286
48,2289
48,2291
48,2294
48,2295
48,2299
48,2302
48,2303
49,6
49,12
49,15
49,17
49,19
49,21
49,23
49,25
49,26
49,28
49,33
49,35
49,38
49,39
49,42
49,64
49,66
49,68
49,69
49,72
49,74
49,77
49,80
49,81
49,84
49,85
49,87
49,88
49,90
49,94
49,95
49,97
49,98
49,100
49,102
49,103
49,105
49,106
49,108
49,109
49,112
49,114
49,115
49,117
49,118
49,120
49,122
49,123
49,125
49,126
49,128
49,131
49,133
49,135
49,136
49,138
49,139
49,142
49,144
49,146
49,150
49,151
49,155
49,163
49,164
49,166
49,167
49,169
49,170
49,172
49,174
49,175
49,179
49,181
49,184
49,186
49,187
49,189
49,190
49,192
49,194
49,196
49,198
49,199
49,201
49,203
49,206
49,210
49,211
49,214
49,216
49,218
49,220
49,221
49,223
49,225
49,227
49,228
49,231
49,233
49,234
49,236
49,237
49,239
49,241
49,242
49,244
49,245
49,248
50,0
51,1
51,4
51,5
51,10
51,11
51,17
51,23
51,27
51,37
51,38
51,41
51,43
51,45
51,49
51,52
51,54
51,56
51,58
51,61
51,62
51,64
51,65
51,69
51,70
51,76
51,85
51,93
51,220
51,448
51,1024
51,1217
51,1219
51,1228
51,1230
51,1280
51,1283
51,1284
51,1312
51,1313
51,1316
51,1320
51,1325
51,1328
51,1330
51,1333
51,1335
51,1338
51,1341
51,1343
51,1346
51,1347
51,1350
51,1352
51,1362
51,1728
51,1729
51,1794
51,1795
51,1798
51,1856
51,1920
51,1923
51,1925
51,1928
51,1930
51,1984
51,2049
51,2051
51,2054
51,2055
51,2114
51,2118
51,2119
51,2122
51,2125
51,2176
51,2179
51,2180
51,2183
51,2193
51,2242
51,2244
51,2247
51,2250
51,2252
51,2255
51,2257
51,2260
51,2263
51,2264
51,2269
51,2270
51,2314
51,2432
51,2435
51,2438
51,2440
51,2624
51,2816
51,2819
51,2822
51,2944
51,2947
51,2948
51,3072
51,3137
51,3140
51,3143
51,3145
51,3148
51,3150
51,3153
51,3156
51,3158
51,3161
51,3162
51,3166
51,3167
51,3170
51,3174
51,3175
51,3178
51,3180
51,3183
51,3186
51,3188
51,3191
51,3193
51,3196
51,3199
51,3200
51,3204
51,3205
51,3208
51,3210
51,3213
51,3216
51,3218
51,3221
51,3223
51,3226
51,3229
51,3231
51,3234
51,3235
51,3239
51,3240
51,3243
51,3246
51,3248
51,3251
51,3253
51,3256
51,3259
51,3261
51,3264
51,3392
51,3459
51,3460
51,3463
51,3467
51,3468
51,3471
51,3648
51,3840
51,3843
51,3845
51,3968
51,3970
51,3973
51,4224
51,4288
51,4292
51,4293
51,4296
51,4298
51,4301
51,4304
51,4352
51,4481
51,4544
51,4611
51,4615
51,4617
51,4621
51,4622
51,4629
51,4631
51,4635
51,4638
51,4639
51,4643
51,4644
51,4646
51,4648
51,4736
51,4739
51,4741
51,4744
51,4745
51,4749
51,4752
51,4753
51,4757
51,4758
51,4761
51,4800
51,4801
51,4992
51,5184
51,5504
51,5634
51,5697
51,5888
51,5890
51,5893
51,5894
51,5897
51,6080
51,6081
51,6084
51,6086
51,6209
51,6272
51,6528
51,6531
51,6656
51,6659
51,6660
51,6720
51,6785
51,6848
51,7040
51,7296
51,7361
51,7364
51,7488
51,7491
51,7493
51,7496
51,7498
51,7501
51,7504
51,7505
51,7556
51,7557
51,7618
51,7709
51,7710
51,7745
51,7755
51,7774
51,7776
51,7809
51,7812
51,7814
51,8000
51,8064
51,8193
51,8197
51,8198
51,8201
51,8203
51,8320
51,8323
51,8512
51,8515
51,8517
51,8520
51,8521
51,8768
51,8897
51,8898
51,9088
51,9089
51,9216
51,9282
51,9345
51,9410
51,9412
51,9415
51,9417
51,9420
51,9473
51,9474
51,9600
51,9601
51,9665
51,9729
51,9792
51,9920
51,9942
51,10005
51,10053
51,10056
51,10059
51,10061
51,10064
51,10065
51,10072
51,10075
51,10076
51,10079
51,10081
51,10084
51,10179
51,10184
51,10189
51,10191
51,10195
51,10196
51,10203
51,10207
51,10209
51,10214
51,10216
51,10220
51,10226
51,10230
51,10237
51,10238
51,10240
51,10368
51,10880
51,11648
51,11776
51,12226
51,12352
51,12416
51,12737
51,12738
51,12742
51,12743
51,12746
51,12748
51,12751
51,12802
51,12804
51,12807
51,12865
51,12868
51,12871
51,12873
51,12876
51,12877
51,12880
51,12882
51,12885
51,12888
51,12890
51,12893
51,12992
51,12995
51,13120
51,13122
51,13125
51,13126
51,13128
51,13130
51,13131
51,13134
51,13136
51,13138
51,13139
51,13141
51,13143
51,13144
51,13148
51,13150
51,13152
51,13154
51,13155
51,13157
51,13158
51,13160
51,13162
51,13164
51,13166
51,13167
51,13170
51,13171
51,13173
51,13175
51,13176
51,13178
51,13179
51,13181
51,13182
51,13184
51,13696
51,13824
51,14336
51,14400
51,14721
51,14724
51,14784
51,15104
51,15296
51,15744
51,15747
51,15749
51,15752
51,15754
51,15757
51,15759
51,15762
51,15765
51,15766
51,15873
51,15874
51,15877
51,15945
51,16000
51,16087
51,16095
51,16256
51,16320
51,16323
51,16326
51,16327
51,16330
51,16331
51,16334
51,16384
51,16385
51,16512
51,16640
51,16768
51,16770
51,16832
51,16960
51,17025
51,17090
51,17091
51,17217
51,17409
51,17410
51,17413
51,17481
51,17600
51,17602
51,17605
51,17666
51,17668
51,17671
51,17672
51,17676
51,17792
51,17856
51,17985
51,18112
51,18129
51,18177
51,18178
51,18304
51,18368
51,18434
51,18436
51,18441
51,18455
51,18464
51,18485
51,18488
51,18493
51,18495
51,18497
51,18500
51,18507
51,18511
51,18512
51,18551
51,18561
51,18563
51,18626
51,18628
51,18630
51,18661
51,18662
51,18668
51,18672
51,18686
51,18687
51,18817
51,18819
51,18820
51,18823
51,18824
51,18827
51,18830
51,18841
51,18843
51,18848
51,18851
51,18858
51,18863
51,18865
51,18866
51,18868
51,18871
51,18880
51,18884
51,18885
51,18888
51,18890
51,18893
51,19008
51,19072
51,19138
51,19140
51,19143
51,19144
51,19147
51,19151
51,19152
51,19202
51,19264
51,19393
51,19456
51,19458
51,19531
51,19555
51,19585
51,19586
51,19596
51,19600
51,19602
51,19606
51,19608
51,19615
51,19648
51,19659
51,19661
51,19663
51,19665
51,19667
51,19668
51,19671
51,19672
51,19674
51,19712
51,19714
51,19720
51,19722
51,19735
51,19746
51,19750
51,19753
51,19755
51,19757
51,19776
51,19786
51,19791
51,19795
51,19798
51,19799
51,19803
51,19804
51,19807
51,19841
51,19843
51,19851
51,19852
51,19857
51,19859
51,19862
51,19871
51,19874
51,19880
51,19893
51,19910
51,19916
51,19946
51,19960
51,19968
51,19993
51,19994
51,19997
51,20004
51,20006
51,20013
51,20015
51,20018
51,20045
51,20056
51,20059
51,20067
51,20076
51,20079
51,20080
51,20088
51,20089
51,20092
51,20096
51,20127
51,20196
51,20225
51,20232
51,20238
51,20241
51,20250
51,20252
51,20264
51,20265
51,20273
51,20275
51,20278
51,20289
51,20304
51,20307
51,20311
51,20352
51,20356
51,20358
51,20361
51,20362
51,20366
51,20367
51,20394
51,20397
51,20399
51,20402
51,20403
51,20409
51,20480
51,20481
51,20484
51,20489
51,20495
51,20500
51,20538
51,20544
51,20546
51,20549
51,20550
51,20562
51,20611
51,20612
51,20614
51,20616
51,20621
51,20648
51,20672
51,20679
51,20682
51,20690
51,20691
51,20695
51,20718
51,20719
51,20726
51,20727
51,20730
51,20740
51,20742
51,20756
51,20757
51,20761
51,20762
51,20765
51,20768
51,20770
51,20773
51,20775
51,20778
51,20781
51,20783
51,20786
51,20787
51,20789
51,20810
51,20879
51,20889
51,20893
51,20938
51,20940
51,20973
51,20996
51,21003
51,21006
51,21007
51,21012
51,21014
51,21016
51,21018
51,21019
51,21022
51,21023
51,21045
51,21056
51,21066
51,21122
51,21153
51,21166
51,21169
51,21171
51,21174
51,21175
51,21178
51,21185
51,21211
51,21218
51,21220
51,21223
51,21229
51,21232
51,21248
51,21250
51,21255
51,21256
51,21312
51,21339
51,21342
51,21346
51,21347
51,21364
51,21366
51,21369
51,21372
51,21374
51,21377
51,21379
51,21382
51,21511
51,21512
51,21533
51,21534
51,21569
51,21571
51,21574
51,21577
51,21579
51,21594
51,21615
51,21633
51,21636
51,21638
51,21650
51,21651
51,21653
51,21654
51,21657
51,21660
51,21662
51,21665
51,21672
51,21674
51,21677
51,21679
51,21682
51,21685
51,21687
51,21689
51,21692
51,21695
51,21708
51,21711
51,21712
51,21714
51,21717
51,21719
51,21722
51,21724
51,21727
51,21728
51,21767
51,21769
51,21810
51,22080
51,22144
51,23376
51,23379
51,23380
51,23384
51,23445
51,23453
51,23456
51,23468
51,23471
51,23472
51,23478
51,23479
51,23481
51,23483
51,23484
52,0
52,1
52,3
52,5
52,6
52,18
52,19
52,21
52,24
52,26
52,28
52,30
52,32
52,33
52,35
52,37
52,38
52,40
52,41
52,43
52,44
52,46
52,48
52,49
52,52
52,54
52,57
52,59
52,60
52,63
52,65
52,67
52,70
52,87
52,90
52,91
52,106
52,107
52,192
52,223
52,256
52,295
52,435
52,449
52,452
52,455
52,462
52,464
52,526
52,527
52,640
52,1152
52,1153
52,1664
52,2112
52,2305
52,2624
52,2637
52,2640
52,2688
52,2944
52,2945
52,2947
52,2953
52,3009
52,3072
52,3136
52,3264
52,3328
52,3456
52,3518
52,3555
52,3584
52,3705
52,3731
52,3777
52,3838
52,3864
52,3937
52,3970
52,4033
52,4034
52,4037
52,4038
52,4040
52,4044
52,4045
52,4047
52,4049
52,4052
52,4054
52,4057
52,4059
52,4060
52,4062
52,4063
52,4065
52,4068
52,4069
52,4071
52,4072
52,4074
52,4075
52,4077
52,4079
52,4080
52,4083
52,4087
52,4152
52,4161
52,4189
52,4208
52,4259
52,4291
52,4372
52,4401
52,4404
52,4405
52,4414
52,4415
52,4419
52,4463
52,4465
52,4481
52,4482
52,4489
52,4492
52,4493
52,4496
52,4497
52,4500
52,4502
52,4505
52,4507
52,4508
52,4510
52,4511
52,4513
52,4515
52,4517
52,4520
52,4524
52,4534
52,4535
52,4546
52,4548
52,4550
52,4552
52,4559
52,4562
52,4564
52,4565
52,4580
52,4581
52,4593
52,4597
52,4610
52,4636
52,4637
52,4639
52,4640
52,4643
52,4652
52,4655
52,4660
52,4666
52,4672
52,4685
52,4698
52,4704
52,4713
52,4726
52,4728
52,4740
52,4763
52,4777
52,4827
52,4828
52,4846
52,4864
52,4866
52,4888
52,4889
52,4900
52,4910
52,4937
52,4958
52,4970
52,4992
52,4993
52,4998
52,5001
52,5004
52,5008
52,5009
52,5016
52,5018
52,5021
52,5025
52,5028
52,5034
52,5035
52,5038
52,5041
52,5042
52,5046
52,5047
52,5051
52,5052
52,5054
52,5060
52,5062
52,5069
52,5070
52,5091
52,5120
52,5121
52,5124
52,5125
52,5130
52,5136
52,5137
52,5139
52,5140
52,5145
52,5147
52,5165
52,5167
52,5184
52,5186
52,5187
52,5189
52,5193
52,5194
52,5201
52,5204
52,5210
52,5211
52,5215
52,5249
52,5250
52,5269
52,5270
52,5282
52,5285
52,5286
52,5312
52,5315
52,5319
52,5326
52,5331
52,5343
52,5345
52,5350
52,5354
52,5376
52,5393
52,5401
52,5403
52,5405
52,5408
52,5414
52,5417
52,5420
52,5423
52,5440
52,5455
52,5469
52,5475
52,5478
52,5482
52,5483
52,5490
52,5505
52,5507
52,5509
52,5510
52,5521
52,5522
52,5527
52,5531
52,5534
52,5537
52,5539
52,5542
52,5553
52,5556
52,5559
52,5561
52,5567
52,5568
52,5572
52,5578
52,5579
52,5581
52,5582
52,5586
52,5603
52,5604
52,5608
52,5609
52,5613
52,5632
52,5637
52,5639
52,5640
52,5648
52,5649
52,5652
52,5657
52,5658
52,5678
52,5680
52,5684
52,5695
52,5703
52,5730
52,5742
52,5745
52,5747
52,5824
52,5828
52,5837
52,5840
52,5842
52,5848
52,5866
52,5873
52,5877
52,5888
52,5891
52,5896
52,5900
52,5914
52,5916
52,5918
52,5919
52,5927
52,5929
52,5930
52,5936
52,5937
52,5953
52,5954
52,5961
52,5995
52,5996
52,6016
52,6034
52,6057
52,6144
52,6208
56,0
58,0
58,3
58,5
58,6
58,8
58,9
58,12
58,14
59,1
59,4
59,5
60,1
60,3
60,5
61,1
61,3
62,0
62,1
62,4
62,5
62,7
62,9
62,10
62,12
62,13
63,0
63,3
63,5
70,0
71,0
74,1
74,3
75,1
75,4
75,6
75,13
75,14
106,1
106,3
106,4
108,1
108,3
110,0
110,4
111,1
112,0
112,1
112,6
113,0
113,3
114,1
114,3
116,0
116,1
118,0
122,1
122,2
122,5
122,7
123,0
123,1
124,0
130,0
131,0
134,0
135,0
135,3
139,0
139,1
139,4
141,0
141,4
141,5
141,9
141,12
141,13
141,17
141,18
141,21
142,3
144,0
144,3
144,4
144,9
144,12
145,3
147,0
148,0
148,3
149,0
149,3
149,5
149,6
149,8
149,9
149,11
149,14
149,16
149,18
149,19
149,21
149,23
149,26
149,28
149,29
149,32
149,33
149,36
149,38
149,40
149,42
149,43
149,46
149,47
149,50
149,52
149,53
149,55
149,56
149,58
149,60
149,61
149,64
149,65
149,68
149,69
149,72
149,75
149,76
149,79
149,80
149,83
149,86
149,87
149,89
149,90
149,92
149,95
149,97
149,100
149,102
149,105
149,106
149,109
149,113
149,114
149,117
149,119
149,122
149,125
149,126
149,129
149,130
149,133
149,134
149,136
149,139
149,140
149,142
149,143
149,145
149,147
149,148
149,151
149,152
149,155
149,157
149,192
149,194
149,195
149,197
149,198
149,200
149,202
149,203
149,205
149,206
149,208
149,209
149,211
149,213
149,214
149,216
149,217
149,219
149,221
149,222
149,224
149,225
149,227
149,229
149,230
149,232
149,233
149,235
149,236
149,238
149,240
149,241
149,243
149,244
149,246
149,248
149,249
149,251
149,252
149,254
149,255
149,259
149,262
149,263
149,266
149,268
149,271
149,274
149,276
149,279
149,281
149,284
149,285
149,289
149,292
149,293
149,297
149,298
149,301
149,304
149,306
149,309
149,311
149,314
149,317
149,319
149,321
149,322
149,325
149,327
149,330
149,333
149,335
149,338
149,339
149,341
149,344
149,346
149,349
149,350
149,354
149,355
149,358
149,362
149,363
149,366
149,368
149,371
149,374
149,376
149,379
149,380
149,382
149,384
149,386
149,388
149,389
149,391
149,392
149,394
149,396
149,397
149,399
149,400
149,402
149,403
149,405
149,407
149,408
149,448
149,449
149,451
149,453
149,454
149,456
149,457
149,459
149,461
149,462
149,464
149,465
149,467
149,468
149,470
149,472
149,473
149,475
149,476
149,478
149,480
149,481
149,483
149,484
149,486
149,487
149,489
149,491
149,492
149,494
149,495
149,497
149,499
149,500
149,502
149,503
149,505
149,506
149,508
149,510
149,512
149,514
149,515
149,517
149,519
149,520
149,522
149,523
149,525
149,527
149,528
149,530
149,531
149,533
149,534
149,536
149,538
149,539
149,541
149,542
149,544
149,546
149,547
149,549
149,550
149,552
149,553
149,555
149,557
149,558
149,560
149,561
149,563
149,565
149,566
149,568
149,569
149,571
149,572
149,574
149,576
149,577
149,580
149,582
149,585
149,588
149,590
149,593
149,595
149,598
149,601
149,640
149,642
149,643
149,645
149,646
149,648
149,650
149,651
149,653
149,654
149,656
149,658
149,659
149,661
149,662
149,664
149,665
149,667
149,669
149,670
149,672
149,673
149,675
149,677
149,678
149,680
149,681
149,683
149,684
149,686
149,706
149,707
149,710
149,712
149,715
149,718
149,720
149,723
150,0
150,3
150,4
150,6
150,8
150,9
150,11
150,12
150,14
150,16
150,17
150,19
150,20
150,23
150,26
150,27
150,30
150,31
150,34
150,35
150,37
150,39
150,40
150,42
150,43
150,45
150,47
150,48
150,50
150,51
150,53
150,54
150,56
150,58
150,59
150,61
150,62
150,64
150,66
150,67
150,69
150,70
150,72
150,73
150,75
150,77
150,78
150,80
150,81
150,83
150,85
150,86
150,88
150,89
150,91
150,93
150,94
150,96
150,97
150,99
150,100
150,102
150,104
150,105
150,109
150,110
150,112
150,114
150,115
150,117
150,118
150,120
150,121
150,123
150,125
150,126
150,128
150,129
150,131
150,192
150,193
150,195
150,196
150,198
150,199
150,201
150,203
150,204
150,206
150,207
150,209
150,211
150,212
150,214
150,215
150,256
150,257
150,259
150,261
150,262
152,1
152,4
155,0
159,0
159,1
159,4
159,5
159,7
159,10
159,11
159,13
159,14
159,17
159,18
159,20
159,22
159,23
159,25
159,27
159,29
159,31
159,33
159,35
159,36
159,38
159,39
159,41
159,43
159,44
159,46
159,47
159,50
159,52
159,53
159,55
159,56
159,58
159,59
159,61
159,63
159,64
159,66
159,67
159,69
159,71
159,72
162,1
162,3
186,0
239,4
239,5
239,7
239,8
239,10
239,11
239,13
239,15
239,16
239,18
239,19
239,21
239,23
239,24
239,26
239,27
240,1
240,2
240,4
2,2
129,3
129,2
155,3
155,2
154,0
154,3
154,2
154,4
142,2
142,4
139,5
141,2
153,3
153,4
153,5
156,0
156,3
156,2
157,3
157,2
152,2
151,0
151,1
151,4
149,2
146,3
146,2
146,4
145,2
147,3
147,1
144,2
159,2
44,3
44,1
44,4
130,1
130,2
45,1
45,2
46,2
47,1
47,2
48,2
67,3
67,2
69,0
69,1
69,2
69,5
70,3
71,3
71,1
72,0
72,3
72,2
73,2
50,2
50,4
51,2
128,0
128,1
53,3
53,4
53,6
53,7
54,1
54,2
54,5
55,0
55,1
55,4
55,6
55,7
55,9
56,2
56,4
56,5
56,6
56,8
59,2
61,2
62,2
63,2
63,6
136,3
136,1
136,4
135,2
137,1
137,2
137,5
124,1
124,2
124,5
134,3
134,2
134,5
132,0
132,1
2,18
132,4
132,6
132,7
131,1
131,2
131,5
131,6
133,1
133,4
133,5
122,3
122,6
123,2
120,3
120,1
120,4
107,0
107,1
107,4
108,2
109,0
109,1
109,4
109,6
109,7
119,3
119,1
119,4
111,0
111,4
110,3
110,2
118,1
118,2
118,5
117,1
117,2
115,0
115,2
115,4
116,3
114,0
114,2
113,4
112,2
112,7
185,0
185,1
185,2
186,1
74,0
74,2
75,2
74,4
186,2
186,3
185,3
112,5
112,3
113,2
116,2
115,5
115,3
117,4
117,3
118,4
118,3
111,5
111,2
119,2
119,0
109,5
109,2
109,3
107,5
107,2
107,3
120,2
123,4
122,9
122,0
133,2
133,3
131,4
131,3
132,5
132,2
132,3
134,4
134,1
124,4
124,3
137,4
137,3
136,2
136,0
63,4
61,5
60,2
58,2
56,7
56,1
56,3
55,8
55,5
55,2
55,3
54,4
54,3
53,5
53,2
53,0
128,2
128,3
50,5
50,3
73,3
72,1
71,2
70,2
70,1
69,4
69,3
67,4
67,1
48,3
47,3
46,3
45,3
130,3
44,2
44,0
147,2
145,4
145,0
146,1
150,2
151,2
151,3
152,3
157,1
156,1
162,2
153,2
153,1
148,2
141,3
139,2
142,0
154,1
155,4
155,1
129,1
21,2
240,3
240,0
239,25
239,22
239,20
239,17
239,14
239,12
239,9
239,6
239,2
162,4
162,0
159,70
159,68
159,65
159,62
159,60
159,57
159,54
159,51
159,49
159,45
159,42
159,40
159,37
159,34
159,30
159,28
159,24
159,21
159,19
159,15
159,12
159,9
159,6
159,3
157,0
153,0
152,0
150,260
150,258
150,216
150,213
150,210
150,208
150,205
150,202
150,200
150,197
150,194
150,132
150,130
150,127
150,124
150,122
150,119
150,116
150,113
150,111
150,106
150,103
150,101
150,98
150,95
150,92
150,90
150,87
150,84
150,82
150,79
150,76
150,74
150,71
150,68
150,65
150,63
150,60
150,57
150,55
150,52
150,49
150,46
150,44
150,41
150,38
150,36
150,32
150,29
150,25
150,21
150,18
150,15
150,13
150,10
150,7
150,5
150,1
149,722
149,717
149,714
149,709
149,704
149,685
149,682
149,679
149,676
149,674
149,671
149,668
149,666
149,663
149,660
149,657
149,655
149,652
149,649
149,647
149,644
149,641
149,600
149,596
149,592
149,587
149,584
149,579
149,575
149,573
149,570
149,567
149,564
149,562
149,559
149,556
149,554
149,551
149,548
149,545
149,543
149,540
149,537
149,535
149,532
149,529
149,526
149,524
149,521
149,518
149,516
149,513
149,509
149,507
149,504
149,501
149,498
149,496
149,493
149,490
149,488
149,485
149,482
149,479
149,477
149,474
149,471
149,469
149,466
149,463
149,460
149,458
149,455
149,452
149,450
149,409
149,406
149,404
149,401
149,398
149,395
149,393
149,390
149,387
149,385
149,381
149,377
149,373
149,369
149,365
149,360
149,357
149,352
149,347
149,343
149,340
149,336
149,331
149,328
149,324
149,320
149,316
149,312
149,308
149,303
149,300
149,295
149,290
149,287
149,282
149,278
149,273
149,270
149,265
149,260
149,257
149,253
149,250
149,247
149,245
149,242
149,239
149,237
149,234
149,231
149,228
149,226
149,223
149,220
149,218
149,215
149,212
149,210
149,207
149,204
149,201
149,199
149,196
149,193
149,159
149,154
149,149
149,146
149,144
149,141
149,138
149,135
149,132
149,127
149,124
149,121
149,116
149,111
149,108
149,103
149,98
149,94
149,91
149,88
149,84
149,82
149,78
149,74
149,71
149,67
149,62
149,59
149,57
149,54
149,51
149,48
149,45
149,41
149,37
149,34
149,30
149,27
149,25
149,20
149,17
149,12
149,10
149,7
149,4
149,1
148,1
146,0
145,1
144,6
144,1
142,1
141,20
141,15
141,10
141,7
141,1
139,3
137,0
135,1
133,0
129,0
123,3
122,8
122,4
120,0
117,0
115,1
113,5
113,1
112,4
111,3
110,1
108,4
108,0
106,2
106,0
75,7
75,3
75,0
73,0
67,0
63,1
62,14
62,11
62,8
62,6
62,3
61,4
61,0
60,4
60,0
59,3
59,0
58,11
58,7
58,4
58,1
54,0
52,6080
52,6037
52,5997
52,5964
52,5959
52,5942
52,5932
52,5928
52,5924
52,5917
52,5913
52,5898
52,5890
52,5874
52,5859
52,5843
52,5838
52,5826
52,5770
52,5743
52,5717
52,5687
52,5682
52,5667
52,5656
52,5651
52,5644
52,5638
52,5636
52,5612
52,5605
52,5596
52,5585
52,5580
52,5574
52,5570
52,5564
52,5557
52,5551
52,5540
52,5536
52,5529
52,5526
52,5512
52,5508
52,5504
52,5484
52,5481
52,5473
52,5467
52,5426
52,5418
52,5413
52,5406
52,5402
52,5382
52,5358
52,5349
52,5339
52,5329
52,5317
52,5287
52,5284
52,5278
52,5267
52,5248
52,5213
52,5209
52,5200
52,5190
52,5188
52,5185
52,5166
52,5164
52,5144
52,5138
52,5131
52,5129
52,5123
52,5100
52,5071
52,5063
52,5055
52,5053
52,5050
52,5044
52,5039
52,5037
52,5033
52,5024
52,5019
52,5013
52,5006
52,4999
52,4996
52,4972
52,4955
52,4928
52,4890
52,4880
52,4848
52,4844
52,4779
52,4741
52,4731
52,4714
52,4702
52,4684
52,4667
52,4658
52,4647
52,4642
52,4638
52,4611
52,4609
52,4582
52,4579
52,4563
52,4560
52,4551
52,4547
52,4545
52,4526
52,4518
52,4514
52,4512
52,4509
52,4506
52,4504
52,4498
52,4495
52,4490
52,4484
52,4480
52,4420
52,4417
52,4413
52,4403
52,4400
52,4289
52,4196
52,4158
52,4096
52,4081
52,4078
52,4076
52,4073
52,4070
52,4067
52,4064
52,4061
52,4058
52,4056
52,4051
52,4046
52,4042
52,4039
52,4036
52,4032
52,3968
52,3861
52,3776
52,3700
52,3556
52,3511
52,3265
52,3200
52,3010
52,2948
52,2946
52,2880
52,2639
52,2306
52,2304
52,1344
52,960
52,550
52,512
52,461
52,451
52,448
52,294
52,197
52,108
52,96
52,89
52,68
52,66
52,62
52,58
52,55
52,50
52,47
52,45
52,42
52,39
52,36
52,34
52,31
52,27
52,25
52,20
52,7
52,4
52,2
51,23486
51,23482
51,23480
51,23473
51,23469
51,23454
51,23452
51,23382
51,23377
51,23326
51,21888
51,21768
51,21730
51,21725
51,21720
51,21716
51,21713
51,21709
51,21694
51,21690
51,21686
51,21681
51,21676
51,21673
51,21663
51,21659
51,21656
51,21652
51,21649
51,21634
51,21616
51,21580
51,21576
51,21573
51,21568
51,21523
51,21440
51,21380
51,21375
51,21371
51,21367
51,21349
51,21344
51,21341
51,21282
51,21251
51,21233
51,21230
51,21222
51,21213
51,21207
51,21177
51,21172
51,21167
51,21154
51,21120
51,21046
51,21024
51,21021
51,21017
51,21013
51,21011
51,21004
51,20992
51,20941
51,20928
51,20885
51,20811
51,20788
51,20784
51,20780
51,20776
51,20772
51,20767
51,20764
51,20759
51,20745
51,20736
51,20729
51,20720
51,20702
51,20694
51,20686
51,20673
51,20647
51,20620
51,20613
51,20608
51,20559
51,20547
51,20539
51,20499
51,20494
51,20483
51,20419
51,20408
51,20400
51,20395
51,20383
51,20364
51,20359
51,20353
51,20312
51,20306
51,20288
51,20277
51,20272
51,20260
51,20245
51,20239
51,20226
51,20195
51,20126
51,20091
51,20086
51,20077
51,20072
51,20057
51,20032
51,20016
51,20008
51,20003
51,19996
51,19972
51,19947
51,19911
51,19904
51,19876
51,19866
51,19861
51,19854
51,19844
51,19840
51,19806
51,19801
51,19796
51,19793
51,19784
51,19756
51,19751
51,19748
51,19723
51,19719
51,19713
51,19673
51,19669
51,19666
51,19664
51,19660
51,19619
51,19614
51,19605
51,19599
51,19595
51,19556
51,19525
51,19395
51,19392
51,19201
51,19149
51,19146
51,19141
51,19136
51,18944
51,18891
51,18887
51,18882
51,18879
51,18867
51,18864
51,18854
51,18850
51,18842
51,18828
51,18825
51,18822
51,18818
51,18816
51,18685
51,18663
51,18641
51,18629
51,18624
51,18560
51,18515
51,18509
51,18499
51,18494
51,18489
51,18467
51,18448
51,18438
51,18433
51,18180
51,18130
51,18128
51,17984
51,17728
51,17674
51,17669
51,17664
51,17603
51,17536
51,17412
51,17344
51,17216
51,17088
51,16833
51,16771
51,16703
51,16449
51,16336
51,16333
51,16328
51,16325
51,16322
51,16192
51,16001
51,15944
51,15876
51,15808
51,15763
51,15760
51,15755
51,15751
51,15746
51,15680
51,14912
51,14722
51,14656
51,13952
51,13248
51,13183
51,13180
51,13177
51,13174
51,13172
51,13168
51,13165
51,13163
51,13159
51,13156
51,13153
51,13151
51,13145
51,13142
51,13140
51,13137
51,13133
51,13129
51,13127
51,13123
51,13057
51,12993
51,12892
51,12887
51,12884
51,12879
51,12874
51,12869
51,12866
51,12805
51,12801
51,12750
51,12745
51,12740
51,12672
51,12353
51,12224
51,11072
51,10496
51,10239
51,10235
51,10224
51,10218
51,10211
51,10204
51,10200
51,10192
51,10188
51,10112
51,10083
51,10078
51,10073
51,10070
51,10062
51,10057
51,10054
51,9984
51,9857
51,9667
51,9664
51,9536
51,9421
51,9418
51,9413
51,9409
51,9281
51,9152
51,8900
51,8832
51,8576
51,8518
51,8514
51,8322
51,8257
51,8200
51,8195
51,8192
51,7831
51,7810
51,7783
51,7756
51,7744
51,7620
51,7617
51,7554
51,7502
51,7499
51,7494
51,7490
51,7363
51,7360
51,6976
51,6721
51,6662
51,6657
51,6529
51,6211
51,6208
51,6083
51,5899
51,5896
51,5891
51,5760
51,5633
51,5248
51,4864
51,4763
51,4760
51,4755
51,4750
51,4747
51,4742
51,4738
51,4647
51,4645
51,4641
51,4636
51,4633
51,4626
51,4618
51,4612
51,4608
51,4480
51,4303
51,4300
51,4295
51,4290
51,3974
51,3971
51,3846
51,3842
51,3712
51,3470
51,3465
51,3462
51,3457
51,3262
51,3258
51,3254
51,3250
51,3245
51,3242
51,3237
51,3232
51,3227
51,3224
51,3219
51,3215
51,3212
51,3207
51,3202
51,3197
51,3194
51,3189
51,3185
51,3181
51,3177
51,3172
51,3169
51,3164
51,3159
51,3154
51,3151
51,3147
51,3142
51,3139
51,2950
51,2945
51,2820
51,2817
51,2441
51,2437
51,2434
51,2305
51,2266
51,2261
51,2258
51,2253
51,2249
51,2245
51,2241
51,2182
51,2177
51,2126
51,2121
51,2116
51,2113
51,2052
51,1985
51,1931
51,1926
51,1922
51,1800
51,1797
51,1792
51,1536
51,1356
51,1349
51,1344
51,1339
51,1336
51,1331
51,1327
51,1322
51,1315
51,1286
51,1281
51,1231
51,1220
51,1216
51,512
51,99
51,81
51,75
51,67
51,63
51,59
51,57
51,53
51,48
51,44
51,40
51,29
51,21
51,15
51,9
51,3
51,0
49,247
49,243
49,240
49,238
49,235
49,232
49,230
49,226
49,222
49,219
49,217
49,213
49,209
49,205
49,200
49,197
49,195
49,191
49,188
49,185
49,183
49,176
49,173
49,171
49,168
49,165
49,162
49,153
49,149
49,143
49,140
49,137
49,134
49,129
49,127
49,124
49,121
49,119
49,116
49,113
49,110
49,107
49,104
49,101
49,99
49,96
49,92
49,89
49,86
49,82
49,79
49,76
49,70
49,67
49,65
49,41
49,37
49,29
49,27
49,24
49,20
49,18
49,13
49,2
48,2300
48,2297
48,2292
48,2287
48,2284
48,2279
48,2275
48,2272
48,2267
48,2262
48,2257
48,2254
48,2249
48,2245
48,2241
48,2237
48,2232
48,2227
